1, 89362
2, 807096
3, 633299
4, 884943
5, 943395
6, 385582
7, 118232
8, 873801
9, 86095
10, 194750
11, 223306
12, 217400
13, 423525
14, 517457
15, 53913
16, 190589
17, 11095
18, 706290
19, 733491
20, 430375
21, 575633
22, 484845
23, 489670
24, 44834
25, 579166
26, 97901
27, 25091
28, 302386
29, 680226
30, 233217
31, 533641
32, 5466
33, 499793
34, 461062
35, 396543
36, 872238
37, 892304
38, 819770
39, 658449
40, 679257
41, 612604
42, 811079
43, 746964
44, 435466
45, 820015
46, 404687
47, 957566
48, 690337
49, 693486
50, 971670
51, 134548
52, 711606
53, 817103
54, 982128
55, 133296
56, 232455
57, 87247
58, 155955
59, 367104
60, 908063
61, 264748
62, 854283
63, 338814
64, 939628
65, 2375
66, 531742
67, 382626
68, 453187
69, 1907
70, 516057
71, 516430
72, 297113
73, 374603
74, 10916
75, 808291
76, 831880
77, 565409
78, 349693
79, 584946
80, 334488
81, 886409
82, 626786
83, 112642
84, 516342
85, 458958
86, 910285
87, 767846
88, 855220
89, 699091
90, 61465
91, 917225
92, 355838
93, 834481
94, 860312
95, 788595
96, 783235
97, 64322
98, 193355
99, 236683
100, 745718
101, 52623
102, 22426
103, 417070
104, 780483
105, 281375
106, 539279
107, 459341
108, 64552
109, 591502
110, 842940
111, 917689
112, 434131
113, 856097
114, 484851
115, 850159
116, 291945
117, 110478
118, 765226
119, 962724
120, 240964
121, 987362
122, 615977
123, 964832
124, 917980
125, 170084
126, 557002
127, 43215
128, 991845
129, 563178
130, 347140
131, 138892
132, 271327
133, 545298
134, 710556
135, 759426
136, 89777
137, 743178
138, 604399
139, 618895
140, 218994
141, 489130
142, 344404
143, 951090
144, 812163
145, 746965
146, 875277
147, 760923
148, 541994
149, 885699
150, 420045
151, 96405
152, 691743
153, 638020
154, 348339
155, 65656
156, 680599
157, 786288
158, 803167
159, 532997
160, 410983
161, 613619
162, 14681
163, 744486
164, 123143
165, 378872
166, 772693
167, 450359
168, 130623
169, 60659
170, 992443
171, 370566
172, 590496
173, 39027
174, 746475
175, 457303
176, 750563
177, 139592
178, 954581
179, 588649
180, 568320
181, 745660
182, 860147
183, 495929
184, 699487
185, 4725
186, 364065
187, 170280
188, 319852
189, 200568
190, 304779
191, 624547
192, 866686
193, 515257
194, 306395
195, 731309
196, 307646
197, 404258
198, 646841
199, 136943
200, 98160
201, 989018
202, 359987
203, 350713
204, 304297
205, 834499
206, 6901
207, 424956
208, 309674
209, 737871
210, 571043
211, 335596
212, 670771
213, 598450
214, 17045
215, 571736
216, 953920
217, 876268
218, 720654
219, 76612
220, 506024
221, 481791
222, 764498
223, 838072
224, 3713
225, 218643
226, 996787
227, 179510
228, 808404
229, 843456
230, 744495
231, 229501
232, 905038
233, 832744
234, 608662
235, 77744
236, 34867
237, 810804
238, 567918
239, 951424
240, 477982
241, 204063
242, 316965
243, 21335
244, 490759
245, 474113
246, 121173
247, 989058
248, 320383
249, 679065
250, 865341
251, 461063
252, 773310
253, 110299
254, 332147
255, 709805
256, 179770
257, 548768
258, 19635
259, 502332
260, 521464
261, 83377
262, 525732
263, 105129
264, 302682
265, 633079
266, 170617
267, 522681
268, 211149
269, 184655
270, 334735
271, 183104
272, 548478
273, 125842
274, 620080
275, 259063
276, 267953
277, 119974
278, 656074
279, 778109
280, 715990
281, 689486
282, 582717
283, 504181
284, 114381
285, 58035
286, 634339
287, 878179
288, 156925
289, 606835
290, 993652
291, 772560
292, 797899
293, 403307
294, 529148
295, 89825
296, 904695
297, 890890
298, 392726
299, 536293
300, 11071
301, 563395
302, 397153
303, 302471
304, 908267
305, 408525
306, 716447
307, 975740
308, 252227
309, 596676
310, 289220
311, 923611
312, 689267
313, 197705
314, 400250
315, 889952
316, 637338
317, 894683
318, 275617
319, 560220
320, 3464
321, 6999
322, 479109
323, 5712
324, 800492
325, 352316
326, 115238
327, 3239
328, 434002
329, 53217
330, 429157
331, 972901
332, 309614
333, 970894
334, 932651
335, 886537
336, 814548
337, 563901
338, 171163
339, 907638
340, 473648
341, 320998
342, 276023
343, 449308
344, 884737
345, 56624
346, 527618
347, 464460
348, 594999
349, 597115
350, 47113
351, 365462
352, 727817
353, 928220
354, 892024
355, 732692
356, 277141
357, 978187
358, 328013
359, 681908
360, 472219
361, 852751
362, 902439
363, 555722
364, 831367
365, 956256
366, 779149
367, 893505
368, 857246
369, 981591
370, 475167
371, 128483
372, 715199
373, 813590
374, 685664
375, 523052
376, 526732
377, 242824
378, 105291
379, 83791
380, 883665
381, 878338
382, 871466
383, 13004
384, 215695
385, 77796
386, 534452
387, 793608
388, 477998
389, 213626
390, 105411
391, 856258
392, 572626
393, 327525
394, 301064
395, 491278
396, 302141
397, 514254
398, 245597
399, 620668
400, 353926
401, 326771
402, 234378
403, 36288
404, 543299
405, 654922
406, 148492
407, 371159
408, 754346
409, 292038
410, 760947
411, 830711
412, 758939
413, 332711
414, 332219
415, 574231
416, 320020
417, 480885
418, 758173
419, 954505
420, 964116
421, 990611
422, 284315
423, 679840
424, 894461
425, 56890
426, 224123
427, 90401
428, 859613
429, 596848
430, 477921
431, 726198
432, 270247
433, 596977
434, 686790
435, 457712
436, 901577
437, 882898
438, 543967
439, 279660
440, 393091
441, 378568
442, 769524
443, 507998
444, 799127
445, 900311
446, 527481
447, 552872
448, 80632
449, 271679
450, 507125
451, 12778
452, 235512
453, 113521
454, 395708
455, 253068
456, 666156
457, 158657
458, 514881
459, 210258
460, 479454
461, 90355
462, 564102
463, 2320
464, 41840
465, 303168
466, 488475
467, 969280
468, 120345
469, 549091
470, 781913
471, 201069
472, 696602
473, 829794
474, 735448
475, 947356
476, 124130
477, 961219
478, 1710
479, 873648
480, 773416
481, 164694
482, 730321
483, 101680
484, 712133
485, 928775
486, 623720
487, 488523
488, 371406
489, 690436
490, 799198
491, 826181
492, 406746
493, 943720
494, 226510
495, 337735
496, 998900
497, 514113
498, 658469
499, 902105
500, 750635
501, 933295
502, 289290
503, 964724
504, 537195
505, 67099
506, 631497
507, 538052
508, 429786
509, 779019
510, 888300
511, 56905
512, 815743
513, 763283
514, 859000
515, 723918
516, 297968
517, 271170
518, 219846
519, 510022
520, 191687
521, 980300
522, 582416
523, 841455
524, 302770
525, 65746
526, 152199
527, 442987
528, 397006
529, 502918
530, 17101
531, 258966
532, 771367
533, 155062
534, 699111
535, 758269
536, 713571
537, 585698
538, 344730
539, 660970
540, 427231
541, 919518
542, 768397
543, 23415
544, 518717
545, 716881
546, 688692
547, 563169
548, 510495
549, 497328
550, 292072
551, 107304
552, 121505
553, 274884
554, 799557
555, 870913
556, 18910
557, 575627
558, 979968
559, 951929
560, 638133
561, 562201
562, 368433
563, 46856
564, 385657
565, 618267
566, 331288
567, 702086
568, 692889
569, 780479
570, 968317
571, 673954
572, 229053
573, 570510
574, 319176
575, 973286
576, 692755
577, 804481
578, 586517
579, 102568
580, 841692
581, 8857
582, 181668
583, 197603
584, 753240
585, 28127
586, 257665
587, 389600
588, 138768
589, 506223
590, 88925
591, 167401
592, 671338
593, 545463
594, 258232
595, 48718
596, 602494
597, 213341
598, 647857
599, 237531
600, 897039
601, 805555
602, 243734
603, 913026
604, 131704
605, 538312
606, 320042
607, 523455
608, 656399
609, 344077
610, 869763
611, 926219
612, 640107
613, 738737
614, 178804
615, 928341
616, 530261
617, 86550
618, 331327
619, 945650
620, 343334
621, 194676
622, 291257
623, 838923
624, 28882
625, 843315
626, 842491
627, 81417
628, 245243
629, 62602
630, 128244
631, 167858
632, 45361
633, 751430
634, 216002
635, 841053
636, 846007
637, 542841
638, 965996
639, 457458
640, 256413
641, 925365
642, 675965
643, 37759
644, 842783
645, 149998
646, 493626
647, 465762
648, 691043
649, 658791
650, 546589
651, 655171
652, 89804
653, 756972
654, 46329
655, 921053
656, 386421
657, 144452
658, 961608
659, 867434
660, 106471
661, 735819
662, 734402
663, 284354
664, 176075
665, 305746
666, 998012
667, 271734
668, 426125
669, 79709
670, 72722
671, 132153
672, 290286
673, 556761
674, 95495
675, 38585
676, 239635
677, 440130
678, 662791
679, 916820
680, 64774
681, 723690
682, 775586
683, 266788
684, 78664
685, 180587
686, 591783
687, 537348
688, 135424
689, 306901
690, 489604
691, 549040
692, 626977
693, 843602
694, 445724
695, 620609
696, 132820
697, 753292
698, 564212
699, 781469
700, 465497
701, 558685
702, 930603
703, 61578
704, 284594
705, 315656
706, 495265
707, 344471
708, 616964
709, 133738
710, 997201
711, 103024
712, 621514
713, 285804
714, 572356
715, 966311
716, 815565
717, 851451
718, 925717
719, 282828
720, 5245
721, 545438
722, 358696
723, 888166
724, 808641
725, 407062
726, 644621
727, 566623
728, 227163
729, 860414
730, 134926
731, 122633
732, 598063
733, 150014
734, 311261
735, 345110
736, 896214
737, 6754
738, 352315
739, 783206
740, 599110
741, 353037
742, 3220
743, 462408
744, 766857
745, 648733
746, 573483
747, 916377
748, 327417
749, 925428
750, 86470
751, 960508
752, 127246
753, 519431
754, 543079
755, 81677
756, 422915
757, 170431
758, 716516
759, 442189
760, 865699
761, 168098
762, 557747
763, 237986
764, 146671
765, 245651
766, 705524
767, 695435
768, 789452
769, 300072
770, 252418
771, 447928
772, 689219
773, 658289
774, 367152
775, 536770
776, 438289
777, 101284
778, 507917
779, 281804
780, 671493
781, 778304
782, 289392
783, 890689
784, 356582
785, 520559
786, 166939
787, 686053
788, 598524
789, 864218
790, 996168
791, 710670
792, 725214
793, 81382
794, 757167
795, 502183
796, 732189
797, 960311
798, 350375
799, 210390
800, 70169
801, 570952
802, 921578
803, 665237
804, 154708
805, 615590
806, 973447
807, 160890
808, 33053
809, 18047
810, 104470
811, 772450
812, 238039
813, 555245
814, 270466
815, 764263
816, 289106
817, 515156
818, 116756
819, 953770
820, 608344
821, 462524
822, 44959
823, 500135
824, 533119
825, 781433
826, 398706
827, 175197
828, 894622
829, 804369
830, 950542
831, 28283
832, 478781
833, 441553
834, 232364
835, 508418
836, 408191
837, 261153
838, 9808
839, 490134
840, 650243
841, 103949
842, 764088
843, 90621
844, 156193
845, 339177
846, 909675
847, 482197
848, 577696
849, 246468
850, 682143
851, 861268
852, 20167
853, 615401
854, 489615
855, 891348
856, 230858
857, 566285
858, 176197
859, 43870
860, 471732
861, 676729
862, 301800
863, 492803
864, 60708
865, 679627
866, 970388
867, 120655
868, 43245
869, 889943
870, 263282
871, 330194
872, 314724
873, 976893
874, 699708
875, 865537
876, 128759
877, 291537
878, 392693
879, 607250
880, 495994
881, 125009
882, 327138
883, 753910
884, 224316
885, 777458
886, 606740
887, 59666
888, 60253
889, 889674
890, 19793
891, 587239
892, 125203
893, 354824
894, 408988
895, 802653
896, 920627
897, 156220
898, 504727
899, 810797
900, 539696
901, 131616
902, 317687
903, 791249
904, 685713
905, 342696
906, 894655
907, 127229
908, 996260
909, 429305
910, 696224
911, 406139
912, 21074
913, 228501
914, 632759
915, 492095
916, 483896
917, 296209
918, 457281
919, 24718
920, 786398
921, 452260
922, 81466
923, 895230
924, 466201
925, 977895
926, 914688
927, 156843
928, 161459
929, 65766
930, 860678
931, 499959
932, 556019
933, 837668
934, 215437
935, 723273
936, 567935
937, 409089
938, 915616
939, 152756
940, 349096
941, 354845
942, 217416
943, 124808
944, 565060
945, 746146
946, 163611
947, 124200
948, 976605
949, 900531
950, 243823
951, 131516
952, 804508
953, 755308
954, 434260
955, 827420
956, 530488
957, 465322
958, 369040
959, 220524
960, 330154
961, 912567
962, 369341
963, 603173
964, 239933
965, 296674
966, 709527
967, 686542
968, 458801
969, 35868
970, 896870
971, 468208
972, 497079
973, 900492
974, 260887
975, 778927
976, 202160
977, 536857
978, 145412
979, 643320
980, 573292
981, 331900
982, 439852
983, 859757
984, 334840
985, 396254
986, 577108
987, 443430
988, 140746
989, 878682
990, 585106
991, 73434
992, 145082
993, 947323
994, 173393
995, 978123
996, 500541
997, 18764
998, 818393
999, 885102
1000, 607863
1001, 364185
1002, 495658
1003, 967423
1004, 843305
1005, 718271
1006, 919013
1007, 870965
1008, 604645
1009, 480460
1010, 873003
1011, 595144
1012, 865730
1013, 886962
1014, 781332
1015, 27505
1016, 360623
1017, 756607
1018, 449484
1019, 68807
1020, 474703
1021, 424745
1022, 755494
1023, 412487
1024, 572051
1025, 821111
1026, 409686
1027, 708959
1028, 267443
1029, 810825
1030, 868773
1031, 810229
1032, 910918
1033, 707742
1034, 458645
1035, 132863
1036, 430686
1037, 193552
1038, 171523
1039, 894599
1040, 795705
1041, 78063
1042, 737307
1043, 667969
1044, 462259
1045, 416523
1046, 380297
1047, 995242
1048, 417785
1049, 872952
1050, 434486
1051, 540471
1052, 357572
1053, 196340
1054, 495685
1055, 993147
1056, 20805
1057, 696876
1058, 380388
1059, 798374
1060, 45536
1061, 422122
1062, 405875
1063, 470909
1064, 963096
1065, 715399
1066, 746904
1067, 534846
1068, 219937
1069, 873561
1070, 881151
1071, 605029
1072, 898778
1073, 835699
1074, 790491
1075, 886037
1076, 99920
1077, 639300
1078, 429603
1079, 705907
1080, 283474
1081, 916910
1082, 501367
1083, 516963
1084, 192756
1085, 385887
1086, 487154
1087, 194225
1088, 643137
1089, 155311
1090, 652932
1091, 191181
1092, 526001
1093, 994841
1094, 83565
1095, 967049
1096, 913206
1097, 763639
1098, 191215
1099, 715125
1100, 518865
1101, 827164
1102, 257895
1103, 56780
1104, 915941
1105, 965625
1106, 341973
1107, 566298
1108, 968716
1109, 17507
1110, 213633
1111, 751911
1112, 690814
1113, 703218
1114, 773412
1115, 194390
1116, 76465
1117, 381051
1118, 353612
1119, 16504
1120, 230387
1121, 18058
1122, 386532
1123, 994645
1124, 372056
1125, 964194
1126, 178228
1127, 622654
1128, 184304
1129, 337967
1130, 702549
1131, 770105
1132, 618296
1133, 156335
1134, 493840
1135, 986465
1136, 373613
1137, 981984
1138, 143208
1139, 284137
1140, 54982
1141, 864056
1142, 404877
1143, 925239
1144, 473283
1145, 637018
1146, 352059
1147, 493601
1148, 206779
1149, 587505
1150, 417145
1151, 902009
1152, 745511
1153, 874227
1154, 598157
1155, 809992
1156, 885348
1157, 873102
1158, 348510
1159, 346871
1160, 527165
1161, 900099
1162, 338609
1163, 221269
1164, 163145
1165, 513929
1166, 441302
1167, 838967
1168, 710892
1169, 634539
1170, 928578
1171, 506904
1172, 486697
1173, 448688
1174, 520874
1175, 612308
1176, 496917
1177, 168049
1178, 154916
1179, 966327
1180, 987989
1181, 47274
1182, 269075
1183, 22340
1184, 260578
1185, 439682
1186, 834505
1187, 141592
1188, 950719
1189, 927463
1190, 144590
1191, 946952
1192, 521582
1193, 583903
1194, 164311
1195, 834613
1196, 260210
1197, 719427
1198, 750107
1199, 692985
1200, 518137
1201, 304161
1202, 101510
1203, 334043
1204, 807752
1205, 97121
1206, 666823
1207, 276020
1208, 339187
1209, 994852
1210, 872169
1211, 446020
1212, 458326
1213, 779250
1214, 609582
1215, 423521
1216, 833436
1217, 960113
1218, 989522
1219, 9417
1220, 527236
1221, 342816
1222, 722140
1223, 124093
1224, 287371
1225, 667689
1226, 158202
1227, 70614
1228, 630912
1229, 159278
1230, 89590
1231, 459428
1232, 568384
1233, 315802
1234, 239391
1235, 515289
1236, 341148
1237, 651631
1238, 118339
1239, 499197
1240, 786059
1241, 728752
1242, 673979
1243, 714413
1244, 910446
1245, 451625
1246, 843598
1247, 461870
1248, 691418
1249, 116958
1250, 627626
1251, 307567
1252, 134531
1253, 250583
1254, 689661
1255, 286831
1256, 321798
1257, 911405
1258, 11192
1259, 490994
1260, 406721
1261, 205423
1262, 550946
1263, 516953
1264, 158434
1265, 211490
1266, 523598
1267, 645579
1268, 109187
1269, 878917
1270, 299523
1271, 714458
1272, 627525
1273, 833287
1274, 396202
1275, 890203
1276, 977035
1277, 352928
1278, 159713
1279, 132944
1280, 818795
1281, 836486
1282, 798333
1283, 538611
1284, 471801
1285, 156921
1286, 455831
1287, 729865
1288, 901563
1289, 918144
1290, 873053
1291, 48937
1292, 79289
1293, 75196
1294, 62334
1295, 747088
1296, 749688
1297, 836267
1298, 912127
1299, 783558
1300, 73927
1301, 159230
1302, 395193
1303, 433363
1304, 654694
1305, 160545
1306, 101741
1307, 132006
1308, 52396
1309, 59698
1310, 644296
1311, 670252
1312, 749303
1313, 811746
1314, 492777
1315, 360013
1316, 654824
1317, 236860
1318, 43516
1319, 406243
1320, 148350
1321, 609282
1322, 99153
1323, 528895
1324, 25264
1325, 295246
1326, 233020
1327, 271411
1328, 910984
1329, 914719
1330, 506688
1331, 180609
1332, 306601
1333, 835382
1334, 267991
1335, 664105
1336, 67318
1337, 391374
1338, 141237
1339, 234934
1340, 726554
1341, 873313
1342, 695838
1343, 772940
1344, 941979
1345, 866452
1346, 707199
1347, 730355
1348, 742079
1349, 475841
1350, 141875
1351, 516040
1352, 128301
1353, 487621
1354, 801923
1355, 570131
1356, 861419
1357, 687779
1358, 68552
1359, 434488
1360, 427856
1361, 583831
1362, 666029
1363, 820310
1364, 494340
1365, 25529
1366, 421424
1367, 788026
1368, 892344
1369, 259521
1370, 848215
1371, 581475
1372, 418431
1373, 366913
1374, 522853
1375, 5691
1376, 62561
1377, 883559
1378, 939194
1379, 267452
1380, 758507
1381, 213590
1382, 473215
1383, 336979
1384, 79833
1385, 743412
1386, 869997
1387, 190539
1388, 572671
1389, 877918
1390, 208661
1391, 599764
1392, 886033
1393, 919980
1394, 523900
1395, 326273
1396, 41342
1397, 471523
1398, 925538
1399, 352776
1400, 239373
1401, 509740
1402, 290577
1403, 72148
1404, 24309
1405, 465976
1406, 811588
1407, 918998
1408, 513840
1409, 648759
1410, 210656
1411, 570764
1412, 235829
1413, 236940
1414, 931485
1415, 903121
1416, 887462
1417, 243526
1418, 391630
1419, 451171
1420, 808927
1421, 712982
1422, 560725
1423, 437255
1424, 935216
1425, 248257
1426, 918501
1427, 527742
1428, 277436
1429, 297515
1430, 389555
1431, 776356
1432, 985786
1433, 740499
1434, 108758
1435, 871076
1436, 709380
1437, 39731
1438, 36124
1439, 293631
1440, 940372
1441, 78457
1442, 164941
1443, 40259
1444, 372226
1445, 88030
1446, 402585
1447, 869712
1448, 648618
1449, 619714
1450, 358177
1451, 292703
1452, 54860
1453, 32360
1454, 893857
1455, 940731
1456, 756958
1457, 231624
1458, 815824
1459, 454959
1460, 540134
1461, 788690
1462, 880752
1463, 950747
1464, 319701
1465, 141911
1466, 41517
1467, 444726
1468, 657806
1469, 134400
1470, 464820
1471, 875540
1472, 324712
1473, 456182
1474, 860030
1475, 631398
1476, 63161
1477, 354040
1478, 573504
1479, 114248
1480, 943481
1481, 78920
1482, 154638
1483, 780046
1484, 890073
1485, 921903
1486, 113499
1487, 722954
1488, 412511
1489, 63979
1490, 97227
1491, 856020
1492, 843117
1493, 360648
1494, 91872
1495, 288998
1496, 487540
1497, 923641
1498, 451339
1499, 653625
1500, 241866
1501, 16074
1502, 178597
1503, 933338
1504, 629255
1505, 968874
1506, 602950
1507, 590349
1508, 529895
1509, 533490
1510, 457299
1511, 550998
1512, 78669
1513, 915596
1514, 555073
1515, 364860
1516, 942770
1517, 469007
1518, 957484
1519, 746586
1520, 637034
1521, 625675
1522, 472757
1523, 189262
1524, 949905
1525, 431
1526, 810809
1527, 904113
1528, 270426
1529, 201935
1530, 851601
1531, 994956
1532, 396891
1533, 836508
1534, 999140
1535, 843155
1536, 46678
1537, 225408
1538, 36731
1539, 151840
1540, 964112
1541, 595123
1542, 985517
1543, 139738
1544, 975379
1545, 573173
1546, 287590
1547, 445865
1548, 538611
1549, 460579
1550, 915743
1551, 744130
1552, 690159
1553, 532793
1554, 300703
1555, 921252
1556, 866412
1557, 205667
1558, 174544
1559, 224520
1560, 929487
1561, 65559
1562, 813069
1563, 719317
1564, 340782
1565, 211737
1566, 50501
1567, 85959
1568, 882118
1569, 915236
1570, 648745
1571, 754839
1572, 136390
1573, 609043
1574, 712330
1575, 205610
1576, 409431
1577, 217805
1578, 367914
1579, 143010
1580, 949521
1581, 619382
1582, 524441
1583, 834740
1584, 368981
1585, 599098
1586, 201239
1587, 656568
1588, 820776
1589, 445440
1590, 886895
1591, 528426
1592, 223930
1593, 828615
1594, 790223
1595, 317039
1596, 208894
1597, 936208
1598, 373124
1599, 872789
1600, 388556
1601, 383545
1602, 441522
1603, 667254
1604, 584273
1605, 884211
1606, 799909
1607, 449751
1608, 817248
1609, 972249
1610, 831850
1611, 801849
1612, 201043
1613, 218344
1614, 760847
1615, 813557
1616, 481211
1617, 729522
1618, 792266
1619, 434157
1620, 599333
1621, 709367
1622, 296409
1623, 530292
1624, 576760
1625, 939898
1626, 966916
1627, 264120
1628, 117009
1629, 591904
1630, 601209
1631, 790153
1632, 833474
1633, 747315
1634, 541564
1635, 279468
1636, 550261
1637, 242528
1638, 693165
1639, 317091
1640, 854722
1641, 444117
1642, 775755
1643, 863682
1644, 307365
1645, 228387
1646, 754494
1647, 535087
1648, 914939
1649, 112701
1650, 510305
1651, 797605
1652, 607490
1653, 851081
1654, 420958
1655, 177378
1656, 900123
1657, 756360
1658, 854806
1659, 668102
1660, 264558
1661, 113951
1662, 235453
1663, 987513
1664, 495669
1665, 309810
1666, 949302
1667, 138738
1668, 779876
1669, 308664
1670, 670365
1671, 356706
1672, 608379
1673, 951539
1674, 966197
1675, 651011
1676, 83049
1677, 980512
1678, 60481
1679, 72034
1680, 660606
1681, 662034
1682, 550422
1683, 479379
1684, 673178
1685, 809479
1686, 983848
1687, 572418
1688, 400126
1689, 661884
1690, 183013
1691, 184358
1692, 170645
1693, 749482
1694, 274713
1695, 180965
1696, 508510
1697, 939296
1698, 614442
1699, 664851
1700, 863853
1701, 644175
1702, 450634
1703, 621895
1704, 863602
1705, 275774
1706, 726534
1707, 53389
1708, 865607
1709, 642276
1710, 350395
1711, 686343
1712, 251474
1713, 152854
1714, 201640
1715, 365984
1716, 36621
1717, 683597
1718, 63087
1719, 198422
1720, 769187
1721, 580945
1722, 330339
1723, 421604
1724, 759319
1725, 20624
1726, 396462
1727, 376986
1728, 346651
1729, 77654
1730, 293078
1731, 143600
1732, 916540
1733, 818681
1734, 274967
1735, 653617
1736, 729223
1737, 37701
1738, 479297
1739, 113223
1740, 26114
1741, 251156
1742, 49938
1743, 498357
1744, 52655
1745, 710614
1746, 258493
1747, 979503
1748, 626438
1749, 63091
1750, 702476
1751, 792161
1752, 892070
1753, 637683
1754, 860970
1755, 271417
1756, 869932
1757, 653363
1758, 445735
1759, 68164
1760, 555241
1761, 11269
1762, 142429
1763, 259886
1764, 426742
1765, 510358
1766, 85476
1767, 132537
1768, 52831
1769, 934318
1770, 763951
1771, 337361
1772, 112040
1773, 341125
1774, 982049
1775, 490131
1776, 684939
1777, 434575
1778, 62294
1779, 743750
1780, 648196
1781, 332609
1782, 643167
1783, 957344
1784, 909307
1785, 226795
1786, 697671
1787, 532911
1788, 323421
1789, 167144
1790, 737528
1791, 534560
1792, 182491
1793, 356223
1794, 258960
1795, 369935
1796, 8328
1797, 200012
1798, 214824
1799, 292111
1800, 247456
1801, 595009
1802, 935257
1803, 23429
1804, 172608
1805, 226730
1806, 854652
1807, 769339
1808, 615155
1809, 312644
1810, 172351
1811, 784373
1812, 601622
1813, 381323
1814, 781351
1815, 508692
1816, 975508
1817, 26164
1818, 862247
1819, 335505
1820, 408718
1821, 59325
1822, 134578
1823, 324081
1824, 630825
1825, 421606
1826, 15557
1827, 181646
1828, 521690
1829, 385031
1830, 756447
1831, 938299
1832, 210169
1833, 825005
1834, 195566
1835, 849861
1836, 513152
1837, 956496
1838, 329699
1839, 210363
1840, 308828
1841, 466676
1842, 270667
1843, 315106
1844, 993730
1845, 521972
1846, 573195
1847, 758731
1848, 690939
1849, 37080
1850, 341380
1851, 939920
1852, 855264
1853, 392329
1854, 529877
1855, 555612
1856, 38942
1857, 354271
1858, 966184
1859, 316682
1860, 665794
1861, 385017
1862, 925809
1863, 229825
1864, 956032
1865, 599500
1866, 312767
1867, 503485
1868, 313633
1869, 136154
1870, 650871
1871, 385972
1872, 14341
1873, 424551
1874, 814512
1875, 228183
1876, 892696
1877, 641555
1878, 171551
1879, 342122
1880, 268146
1881, 854637
1882, 413437
1883, 355556
1884, 583907
1885, 944495
1886, 574126
1887, 576381
1888, 669293
1889, 546532
1890, 294367
1891, 139405
1892, 775524
1893, 105333
1894, 824470
1895, 838757
1896, 446115
1897, 609871
1898, 18849
1899, 159804
1900, 241807
1901, 771703
1902, 578950
1903, 920300
1904, 172893
1905, 711434
1906, 639427
1907, 688334
1908, 803719
1909, 287571
1910, 702010
1911, 979142
1912, 92074
1913, 610774
1914, 852039
1915, 721051
1916, 888729
1917, 72824
1918, 733565
1919, 333181
1920, 589397
1921, 480885
1922, 397198
1923, 225470
1924, 350973
1925, 667345
1926, 527763
1927, 277479
1928, 368209
1929, 655658
1930, 860433
1931, 360648
1932, 653741
1933, 206495
1934, 624320
1935, 401620
1936, 704317
1937, 292499
1938, 467421
1939, 574664
1940, 394838
1941, 336424
1942, 648920
1943, 393303
1944, 682188
1945, 458226
1946, 398574
1947, 446307
1948, 188250
1949, 59533
1950, 249213
1951, 609031
1952, 537837
1953, 482476
1954, 704999
1955, 767657
1956, 470543
1957, 337253
1958, 640904
1959, 244253
1960, 705702
1961, 931308
1962, 402853
1963, 634977
1964, 618350
1965, 955819
1966, 126196
1967, 675442
1968, 316409
1969, 76178
1970, 478148
1971, 123706
1972, 366899
1973, 395430
1974, 520901
1975, 580726
1976, 726751
1977, 144794
1978, 474631
1979, 282306
1980, 550640
1981, 585928
1982, 395092
1983, 25243
1984, 765228
1985, 875240
1986, 135697
1987, 195524
1988, 1180
1989, 554081
1990, 652516
1991, 441174
1992, 489606
1993, 123454
1994, 98958
1995, 168310
1996, 126913
1997, 512609
1998, 831464
1999, 896738
2000, 248304
2001, 211567
2002, 359196
2003, 196352
2004, 596455
2005, 609555
2006, 482510
2007, 994172
2008, 825172
2009, 847989
2010, 194077
2011, 790225
2012, 164469
2013, 153878
2014, 665046
2015, 654597
2016, 351964
2017, 549511
2018, 174250
2019, 631062
2020, 573680
2021, 830011
2022, 565960
2023, 16963
2024, 75668
2025, 576461
2026, 437779
2027, 140313
2028, 765997
2029, 710916
2030, 870999
2031, 838958
2032, 588456
2033, 909949
2034, 524195
2035, 776769
2036, 797024
2037, 124043
2038, 468479
2039, 555155
2040, 501676
2041, 169323
2042, 23934
2043, 150482
2044, 587149
2045, 736650
2046, 21927
2047, 499964
